RemoveBuildingForPlayer(playerid, 8087, 1667.7422, 723.2266, 21.0938, 0.25);
RemoveBuildingForPlayer(playerid, 8106, 1667.4766, 723.0859, 10.9375, 0.25);
RemoveBuildingForPlayer(playerid, 8113, 1665.1719, 687.0469, 14.3906, 0.25);
RemoveBuildingForPlayer(playerid, 8114, 1634.7188, 772.8438, 13.8203, 0.25);
RemoveBuildingForPlayer(playerid, 8115, 1695.4922, 673.2188, 13.8203, 0.25);
RemoveBuildingForPlayer(playerid, 8159, 1665.5625, 753.8281, 14.3906, 0.25);
RemoveBuildingForPlayer(playerid, 8254, 1665.1719, 687.0469, 14.3906, 0.25);
RemoveBuildingForPlayer(playerid, 8255, 1665.5625, 753.8281, 14.3906, 0.25);
RemoveBuildingForPlayer(playerid, 1261, 1625.0078, 819.6875, 21.9766, 0.25);
RemoveBuildingForPlayer(playerid, 712, 1555.4844, 710.5000, 19.3359, 0.25);
RemoveBuildingForPlayer(playerid, 3459, 1576.4766, 662.0156, 17.0859, 0.25);
RemoveBuildingForPlayer(playerid, 1334, 1584.9297, 663.9844, 10.9297, 0.25);
RemoveBuildingForPlayer(playerid, 1335, 1581.0938, 664.1797, 10.9453, 0.25);
RemoveBuildingForPlayer(playerid, 1440, 1578.4922, 667.9844, 10.2109, 0.25);
RemoveBuildingForPlayer(playerid, 676, 1579.0938, 683.5625, 10.0703, 0.25);
RemoveBuildingForPlayer(playerid, 680, 1579.0000, 687.7188, 10.1250, 0.25);
RemoveBuildingForPlayer(playerid, 1294, 1575.8047, 695.9063, 14.2734, 0.25);
RemoveBuildingForPlayer(playerid, 659, 1579.9297, 695.0781, 8.7656, 0.25);
RemoveBuildingForPlayer(playerid, 1215, 1577.8359, 708.0156, 10.1563, 0.25);
RemoveBuildingForPlayer(playerid, 1215, 1577.8359, 718.5234, 10.1563, 0.25);
RemoveBuildingForPlayer(playerid, 1215, 1579.8359, 718.5234, 10.1563, 0.25);
RemoveBuildingForPlayer(playerid, 1215, 1579.8359, 708.0156, 10.1563, 0.25);
RemoveBuildingForPlayer(playerid, 1219, 1589.9141, 671.9453, 10.0625, 0.25);
RemoveBuildingForPlayer(playerid, 1219, 1589.9141, 669.1172, 10.0625, 0.25);
RemoveBuildingForPlayer(playerid, 1219, 1589.9141, 674.8438, 10.0625, 0.25);
RemoveBuildingForPlayer(playerid, 1219, 1589.9141, 677.6641, 10.0625, 0.25);
RemoveBuildingForPlayer(playerid, 1421, 1620.6328, 703.9688, 10.5000, 0.25);
RemoveBuildingForPlayer(playerid, 3459, 1577.1953, 725.0156, 17.2188, 0.25);
RemoveBuildingForPlayer(playerid, 1346, 1574.7266, 736.9844, 11.1484, 0.25);
RemoveBuildingForPlayer(playerid, 1294, 1575.7734, 770.8203, 14.2734, 0.25);
RemoveBuildingForPlayer(playerid, 676, 1579.0938, 733.5625, 10.0703, 0.25);
RemoveBuildingForPlayer(playerid, 673, 1579.7422, 729.0078, 8.2266, 0.25);
RemoveBuildingForPlayer(playerid, 1412, 1580.0391, 783.2500, 11.0938, 0.25);
RemoveBuildingForPlayer(playerid, 1412, 1585.3203, 783.2500, 11.0938, 0.25);
RemoveBuildingForPlayer(playerid, 1412, 1590.5938, 783.2500, 11.0938, 0.25);
RemoveBuildingForPlayer(playerid, 1412, 1595.8672, 783.2500, 11.0938, 0.25);
RemoveBuildingForPlayer(playerid, 3459, 1577.8594, 786.1953, 17.2422, 0.25);
RemoveBuildingForPlayer(playerid, 1412, 1601.1484, 783.2500, 11.0938, 0.25);
RemoveBuildingForPlayer(playerid, 1412, 1606.4219, 783.2500, 11.0938, 0.25);
RemoveBuildingForPlayer(playerid, 1412, 1611.7031, 783.2500, 11.0938, 0.25);
RemoveBuildingForPlayer(playerid, 1412, 1616.9766, 783.2500, 11.0938, 0.25);
RemoveBuildingForPlayer(playerid, 8310, 1624.7891, 818.9609, 27.3125, 0.25);
RemoveBuildingForPlayer(playerid, 1267, 1625.0078, 819.6875, 21.9766, 0.25);
RemoveBuildingForPlayer(playerid, 1334, 1632.0156, 663.9844, 10.9297, 0.25);
RemoveBuildingForPlayer(playerid, 1334, 1634.6797, 663.9844, 10.9297, 0.25);
RemoveBuildingForPlayer(playerid, 1219, 1648.5469, 674.8438, 10.0625, 0.25);
RemoveBuildingForPlayer(playerid, 1219, 1648.5469, 671.9453, 10.0625, 0.25);
RemoveBuildingForPlayer(playerid, 1219, 1648.5469, 669.1172, 10.0625, 0.25);
RemoveBuildingForPlayer(playerid, 1219, 1648.5469, 677.6641, 10.0625, 0.25);
RemoveBuildingForPlayer(playerid, 1358, 1679.6953, 767.4297, 11.0078, 0.25);
RemoveBuildingForPlayer(playerid, 8078, 1634.7188, 772.8438, 13.8203, 0.25);
RemoveBuildingForPlayer(playerid, 1335, 1651.0547, 774.8047, 10.9453, 0.25);
RemoveBuildingForPlayer(playerid, 3459, 1683.7969, 662.2578, 16.6484, 0.25);
RemoveBuildingForPlayer(playerid, 8077, 1695.4922, 673.2188, 13.8203, 0.25);
RemoveBuildingForPlayer(playerid, 3459, 1683.7969, 784.2031, 16.6484, 0.25);
RemoveBuildingForPlayer(playerid, 1219, 1709.0547, 744.4297, 10.9141, 0.25);
RemoveBuildingForPlayer(playerid, 1219, 1709.0547, 745.6172, 10.4688, 0.25);
RemoveBuildingForPlayer(playerid, 1219, 1709.0547, 744.3750, 10.0625, 0.25);
RemoveBuildingForPlayer(playerid, 1219, 1709.1875, 745.4922, 11.3594, 0.25);
RemoveBuildingForPlayer(playerid, 1219, 1709.0547, 742.7188, 10.4688, 0.25);
RemoveBuildingForPlayer(playerid, 1219, 1709.0547, 741.5469, 10.0625, 0.25);
RemoveBuildingForPlayer(playerid, 1219, 1709.0547, 747.0781, 10.9141, 0.25);
RemoveBuildingForPlayer(playerid, 1219, 1709.0547, 747.2734, 10.0625, 0.25);
RemoveBuildingForPlayer(playerid, 1219, 1709.0547, 748.4375, 10.4688, 0.25);
RemoveBuildingForPlayer(playerid, 1219, 1709.0547, 750.0938, 10.0625, 0.25);
RemoveBuildingForPlayer(playerid, 736, 1679.3828, 804.3359, 18.4766, 0.25);
RemoveBuildingForPlayer(playerid, 736, 1689.2344, 804.3359, 19.7031, 0.25);
RemoveBuildingForPlayer(playerid, 736, 1706.6719, 804.3359, 20.9922, 0.25);
RemoveBuildingForPlayer(playerid, 736, 1698.3984, 804.3359, 19.7031, 0.25);
RemoveBuildingForPlayer(playerid, 736, 1713.6719, 804.3359, 19.7031, 0.25);
RemoveBuildingForPlayer(playerid, 1503, 1749.7109, 776.4375, 10.2109, 0.25);
RemoveBuildingForPlayer(playerid, 1440, 1754.5938, 677.6250, 10.2109, 0.25);
RemoveBuildingForPlayer(playerid, 674, 1756.0234, 723.0078, 9.7656, 0.25);
RemoveBuildingForPlayer(playerid, 674, 1756.0234, 719.5781, 9.7656, 0.25);
RemoveBuildingForPlayer(playerid, 1358, 1756.0313, 771.6406, 10.9844, 0.25);
RemoveBuildingForPlayer(playerid, 654, 1728.7578, 791.2969, 9.8438, 0.25);
RemoveBuildingForPlayer(playerid, 736, 1732.2500, 804.3359, 20.9922, 0.25);
RemoveBuildingForPlayer(playerid, 736, 1726.1797, 804.3359, 20.9922, 0.25);
RemoveBuildingForPlayer(playerid, 736, 1719.4219, 804.3359, 20.6484, 0.25);
RemoveBuildingForPlayer(playerid, 654, 1742.8516, 799.3594, 9.8438, 0.25);
RemoveBuildingForPlayer(playerid, 763, 1745.2813, 812.1719, 9.5625, 0.25);
RemoveBuildingForPlayer(playerid, 1335, 1756.5313, 684.9688, 10.9453, 0.25);
RemoveBuildingForPlayer(playerid, 1440, 1756.4219, 678.9609, 10.2109, 0.25);
RemoveBuildingForPlayer(playerid, 1334, 1756.5781, 691.1641, 10.9297, 0.25);
RemoveBuildingForPlayer(playerid, 1334, 1756.5781, 688.6250, 10.9297, 0.25);
RemoveBuildingForPlayer(playerid, 3459, 1758.2344, 725.6641, 17.1641, 0.25);
RemoveBuildingForPlayer(playerid, 763, 1766.6250, 737.6250, 9.5625, 0.25);
RemoveBuildingForPlayer(playerid, 654, 1767.0391, 759.5938, 8.8984, 0.25);
RemoveBuildingForPlayer(playerid, 3459, 1757.9766, 783.3750, 17.2188, 0.25);
RemoveBuildingForPlayer(playerid, 654, 1758.0313, 799.3594, 8.8984, 0.25);
RemoveBuildingForPlayer(playerid, 736, 1769.7422, 790.6484, 20.9922, 0.25);
CreateDynamicObject(17555, 1603.54883, 804.03992, -25.28580,   0.00000, 0.00000, 90.00000);
CreateDynamicObject(17555, 1603.54883, 804.03992, -26.50880,   0.00000, 0.00000, 90.00000);
CreateDynamicObject(17555, 1652.68677, 804.03949, -25.28580,   0.00000, 0.00000, 90.00000);
CreateDynamicObject(17555, 1674.41626, 804.03949, -25.28580,   0.00000, 0.00000, 90.00000);
CreateDynamicObject(5507, 1607.43164, 811.17438, 11.26451,   0.00000, 0.00000, 0.00000);
CreateDynamicObject(5507, 1607.43726, 792.84259, 11.28450,   0.00000, 0.00000, 0.00000);
CreateDynamicObject(5507, 1667.41333, 811.17438, 11.26450,   0.00000, 0.00000, 0.00000);
CreateDynamicObject(5507, 1667.42737, 792.84259, 11.28450,   0.00000, 0.00000, 0.00000);
CreateDynamicObject(19913, 1672.42322, 782.78979, 9.36817,   0.00000, 0.00000, 0.00000);
CreateDynamicObject(19913, 1622.43408, 782.79919, 9.36444,   0.00000, 0.00000, 0.00000);
CreateDynamicObject(19913, 1577.46814, 796.23328, 14.48560,   0.00000, 0.00000, 90.00000);
CreateDynamicObject(19913, 1672.44531, 821.21826, 9.36817,   0.00000, 0.00000, 0.00000);
CreateDynamicObject(19913, 1622.46570, 821.21564, 9.36817,   0.00000, 0.00000, 0.00000);
CreateDynamicObject(19913, 1602.40515, 821.20526, 14.48463,   0.00000, 0.00000, 0.00000);
CreateDynamicObject(19913, 1577.44482, 748.26801, 14.65792,   0.00000, 0.00000, 90.00000);
CreateDynamicObject(19913, 1722.40247, 783.14130, 14.36470,   0.00000, 0.00000, 0.00000);
CreateDynamicObject(19913, 1732.82434, 783.10193, 14.36470,   0.00000, 0.00000, 0.00000);
CreateDynamicObject(19913, 1757.78540, 758.14673, 14.36470,   0.00000, 0.00000, 90.00000);
CreateDynamicObject(19913, 1757.77954, 708.22766, 14.36470,   0.00000, 0.00000, 90.00000);
CreateDynamicObject(19913, 1757.76855, 687.91071, 25.44500,   0.00000, 0.00000, 90.00000);
CreateDynamicObject(19913, 1757.76855, 687.91071, 14.53881,   0.00000, 0.00000, 90.00000);
CreateDynamicObject(8034, 1724.95715, 680.51501, 14.44995,   0.00000, 0.00000, 0.00000);
CreateDynamicObject(19913, 1732.78381, 662.93591, 14.59193,   0.00000, 0.00000, 0.00000);
CreateDynamicObject(19913, 1732.78381, 662.93591, 25.49556,   0.00000, 0.00000, 0.00000);
CreateDynamicObject(8131, 1724.83887, 699.82056, 20.55085,   0.00000, 0.00000, 0.00000);
CreateDynamicObject(11544, 1595.16016, 784.00940, 10.35637,   0.00000, 0.00000, 0.00000);
CreateDynamicObject(19912, 1577.43726, 703.22369, 13.79002,   0.00000, 0.00000, 90.00000);
CreateDynamicObject(19912, 1588.93298, 782.81049, 12.05766,   0.00000, 0.00000, 0.00000);
CreateDynamicObject(19912, 1577.43738, 691.75659, 13.79002,   0.00000, 0.00000, 90.00000);
CreateDynamicObject(19912, 1577.44885, 680.25458, 13.79002,   0.00000, 0.00000, 90.00000);
CreateDynamicObject(19912, 1577.45483, 674.55212, 13.79002,   0.00000, 0.00000, 90.00000);
CreateDynamicObject(19912, 1577.42505, 703.23969, 17.30360,   0.00000, 0.00000, 90.00000);
CreateDynamicObject(19912, 1577.42383, 691.75189, 17.30296,   0.00000, 0.00000, 90.00000);
CreateDynamicObject(19912, 1577.44189, 680.26477, 17.30792,   0.00000, 0.00000, 90.00000);
CreateDynamicObject(19912, 1577.46204, 674.50482, 17.31337,   0.00000, 0.00000, 90.00000);
CreateDynamicObject(19912, 1592.88098, 782.77081, 12.05766,   0.00000, 0.00000, 0.00000);
CreateDynamicObject(3498, 1597.16382, 782.77832, 10.32258,   0.00000, 0.00000, 0.00000);
CreateDynamicObject(3498, 1593.08862, 782.74408, 10.32258,   0.00000, 0.00000, 0.00000);
CreateDynamicObject(19870, 1593.42712, 782.61200, 13.20360,   0.00000, 0.00000, 91.00000);
CreateDynamicObject(3749, 1577.86047, 713.26447, 15.47157,   0.00000, 0.00000, 90.00000);
CreateDynamicObject(19913, 1602.43176, 662.91669, 14.65790,   0.00000, 0.00000, 0.00000);
CreateDynamicObject(19913, 1652.39136, 662.85571, 14.65790,   0.00000, 0.00000, 0.00000);
CreateDynamicObject(19913, 1702.29810, 662.89410, 14.65790,   0.00000, 0.00000, 0.00000);
CreateDynamicObject(3873, 1667.94092, 679.95032, -6.18220,   0.00000, 0.00000, 0.00000);
CreateDynamicObject(3873, 1638.76819, 680.09338, -6.18219,   0.00000, 0.00000, 0.00000);
CreateDynamicObject(3873, 1610.13403, 679.52722, -6.18220,   0.00000, 0.00000, 0.00000);
CreateDynamicObject(3498, 1683.00403, 694.33789, 9.80570,   0.00000, 0.00000, 0.00000);
CreateDynamicObject(3498, 1595.93237, 694.34058, 9.80570,   0.00000, 0.00000, 0.00000);
CreateDynamicObject(0, 1683.00867, 694.20068, 11.54240,   0.00000, 0.00000, 90.00000);
CreateDynamicObject(19912, 1682.99890, 682.71942, 11.54244,   0.00000, 0.00000, 90.00000);
CreateDynamicObject(19912, 1682.98767, 674.37543, 11.54244,   0.00000, 0.00000, 90.00000);
CreateDynamicObject(19912, 1595.92371, 694.27295, 11.54695,   0.00000, 0.00000, 90.00000);
CreateDynamicObject(19912, 1683.00562, 694.23474, 11.54244,   0.00000, 0.00000, 90.00000);
CreateDynamicObject(19912, 1595.90894, 682.80634, 11.54695,   0.00000, 0.00000, 90.00000);
CreateDynamicObject(19912, 1595.91125, 674.46484, 11.54695,   0.00000, 0.00000, 90.00000);
CreateDynamicObject(19912, 1682.74438, 694.32159, 11.54189,   0.00000, 0.00000, 0.00000);
CreateDynamicObject(3498, 1670.91150, 694.31506, 9.80570,   0.00000, 0.00000, 0.00000);
CreateDynamicObject(19912, 1607.73938, 694.34058, 11.54056,   0.00000, 0.00000, 0.00000);
CreateDynamicObject(3498, 1608.02234, 694.34058, 9.78320,   0.00000, 0.00000, 0.00000);
CreateDynamicObject(19912, 1636.03650, 694.34137, 11.54060,   0.00000, 0.00000, 0.00000);
CreateDynamicObject(3498, 1624.23132, 694.34058, 9.78320,   0.00000, 0.00000, 0.00000);
CreateDynamicObject(3498, 1653.34387, 694.34058, 9.78320,   0.00000, 0.00000, 0.00000);
CreateDynamicObject(19912, 1653.16284, 694.44794, 11.54060,   0.00000, 0.00000, 0.00000);
CreateDynamicObject(19912, 1645.05774, 694.45996, 11.54060,   0.00000, 0.00000, 0.00000);
CreateDynamicObject(3498, 1595.93774, 663.20929, 9.83546,   0.00000, 0.00000, 0.00000);
CreateDynamicObject(3498, 1682.94971, 663.21887, 9.83546,   0.00000, 0.00000, 0.00000);
CreateDynamicObject(1215, 1574.28125, 719.92407, 10.31140,   0.00000, 0.00000, 0.00000);
CreateDynamicObject(1215, 1573.25427, 721.55194, 10.31140,   0.00000, 0.00000, 0.00000);
CreateDynamicObject(0, 1572.88525, 723.23907, 10.31140,   0.00000, 0.00000, 0.00000);
CreateDynamicObject(1215, 1574.29749, 706.44751, 10.25613,   0.00000, 0.00000, 0.00000);
CreateDynamicObject(1215, 1573.26489, 704.99091, 10.25613,   0.00000, 0.00000, 0.00000);
CreateDynamicObject(1215, 1572.85132, 703.21417, 10.25613,   0.00000, 0.00000, 0.00000);
CreateDynamicObject(1215, 1572.77527, 721.49640, 10.25613,   0.00000, 0.00000, 0.00000);
CreateDynamicObject(1215, 1572.71179, 705.05096, 10.25613,   0.00000, 0.00000, 0.00000);
CreateDynamicObject(1215, 1572.77234, 707.41345, 10.25613,   0.00000, 0.00000, 0.00000);
CreateDynamicObject(1215, 1572.84167, 719.10071, 10.25613,   0.00000, 0.00000, 0.00000);
CreateDynamicObject(640, 1741.98376, 698.49823, 10.48876,   0.00000, 0.00000, 90.00000);
CreateDynamicObject(640, 1707.79321, 698.49823, 10.48880,   0.00000, 0.00000, 90.00000);
CreateDynamicObject(640, 1716.27686, 684.84540, 10.48880,   0.00000, 0.00000, 90.00000);
CreateDynamicObject(640, 1733.71997, 684.84540, 10.48880,   0.00000, 0.00000, 90.00000);
CreateDynamicObject(736, 1755.80750, 725.04205, 21.17280,   0.00000, 0.00000, 0.00000);
CreateDynamicObject(736, 1755.71790, 717.21735, 21.17280,   0.00000, 0.00000, 0.00000);
CreateDynamicObject(736, 1755.60083, 721.14417, 21.17280,   0.00000, 0.00000, 0.00000);
CreateDynamicObject(736, 1579.15393, 728.02087, 20.51689,   0.00000, 0.00000, 0.00000);
CreateDynamicObject(736, 1579.28076, 698.12061, 20.51689,   0.00000, 0.00000, 0.00000);
CreateDynamicObject(628, 1713.62854, 696.60962, 15.14503,   0.00000, 0.00000, 0.00000);
CreateDynamicObject(628, 1736.32031, 696.71240, 15.14503,   0.00000, 0.00000, 0.00000);
CreateDynamicObject(628, 1745.58740, 698.65045, 11.76346,   0.00000, 0.00000, 0.00000);
CreateDynamicObject(628, 1703.85864, 698.51349, 11.76346,   0.00000, 0.00000, 0.00000);
CreateDynamicObject(8841, 1722.58423, 726.44287, 13.08193,   0.00000, 0.00000, 0.00000);
CreateDynamicObject(8841, 1670.43799, 726.44287, 13.08190,   0.00000, 0.00000, 0.00000);
CreateDynamicObject(8841, 1618.86707, 726.44287, 13.08190,   0.00000, 0.00000, 0.00000);
CreateDynamicObject(8253, 1644.83362, 768.64948, 13.68780,   0.00000, 0.00000, -90.00000);
CreateDynamicObject(8253, 1671.01355, 768.64948, 13.68780,   0.00000, 0.00000, -90.00000);
CreateDynamicObject(8253, 1697.17346, 768.64948, 13.68780,   0.00000, 0.00000, -90.00000);
CreateDynamicObject(8253, 1723.37341, 768.64948, 13.68780,   0.00000, 0.00000, -90.00000);
CreateDynamicObject(8253, 1618.71692, 768.64948, 13.68780,   0.00000, 0.00000, -90.00000);
CreateDynamicObject(1215, 1593.25647, 775.43842, 10.28840,   0.00000, 0.00000, 0.00000);
CreateDynamicObject(1215, 1596.87854, 775.43842, 10.28840,   0.00000, 0.00000, 0.00000);
CreateDynamicObject(1215, 1593.25647, 776.46448, 10.28840,   0.00000, 0.00000, 0.00000);
CreateDynamicObject(1215, 1593.25647, 777.54730, 10.28840,   0.00000, 0.00000, 0.00000);
CreateDynamicObject(1215, 1593.25647, 778.61078, 10.28840,   0.00000, 0.00000, 0.00000);
CreateDynamicObject(1215, 1593.25647, 779.67047, 10.28840,   0.00000, 0.00000, 0.00000);
CreateDynamicObject(1215, 1593.25647, 780.73218, 10.28840,   0.00000, 0.00000, 0.00000);
CreateDynamicObject(1215, 1593.25647, 781.79260, 10.28840,   0.00000, 0.00000, 0.00000);
CreateDynamicObject(1215, 1596.87854, 777.54730, 10.28840,   0.00000, 0.00000, 0.00000);
CreateDynamicObject(1215, 1596.87854, 776.46448, 10.28840,   0.00000, 0.00000, 0.00000);
CreateDynamicObject(1215, 1596.87854, 778.61078, 10.28840,   0.00000, 0.00000, 0.00000);
CreateDynamicObject(1215, 1596.87854, 779.69122, 10.28840,   0.00000, 0.00000, 0.00000);
CreateDynamicObject(1215, 1596.87854, 780.73218, 10.28840,   0.00000, 0.00000, 0.00000);
CreateDynamicObject(1215, 1596.87854, 781.79260, 10.28840,   0.00000, 0.00000, 0.00000);
CreateDynamicObject(1571, 1752.25391, 704.03638, 11.03546,   0.00000, 0.00000, -90.00000);
CreateDynamicObject(2035, 1750.98633, 704.88733, 10.85360,   0.00000, 0.00000, 90.00000);
CreateDynamicObject(2035, 1751.08313, 704.38495, 10.88020,   153.00000, 0.00000, 91.00000);
CreateDynamicObject(2044, 1753.82068, 704.79803, 11.02030,   90.00000, 90.00000, 0.00000);
CreateDynamicObject(2044, 1753.82068, 704.79797, 11.26030,   90.00000, 90.00000, 0.00000);
CreateDynamicObject(2044, 1753.82068, 705.15802, 11.26030,   90.00000, 90.00000, 0.00000);
CreateDynamicObject(2044, 1753.82068, 705.15802, 11.02030,   90.00000, 90.00000, 0.00000);
CreateDynamicObject(2035, 1753.80811, 705.02191, 10.68930,   90.00000, 90.00000, 0.00000);
CreateDynamicObject(2035, 1753.80811, 703.96191, 10.68930,   90.00000, 90.00000, 0.00000);
CreateDynamicObject(2035, 1753.80811, 704.32190, 11.32930,   -4.00000, 90.00000, 0.00000);
CreateDynamicObject(2035, 1753.80811, 704.04187, 11.32930,   -4.00000, 90.00000, 0.00000);
CreateDynamicObject(2035, 1753.80811, 703.76190, 11.32930,   -4.00000, 90.00000, 0.00000);
CreateDynamicObject(2035, 1753.80811, 703.50189, 11.32930,   -4.00000, 90.00000, 0.00000);
CreateDynamicObject(2034, 1750.98206, 703.68152, 10.82310,   0.00000, 0.00000, 20.00000);
CreateDynamicObject(2034, 1751.06458, 703.50934, 10.82310,   0.00000, 0.00000, -120.00000);
CreateDynamicObject(2034, 1750.97290, 703.41931, 10.82310,   0.00000, 0.00000, 69.00000);
CreateDynamicObject(2036, 1753.80225, 703.02942, 11.24590,   -4.00000, 90.00000, 0.00000);
CreateDynamicObject(2036, 1753.80225, 702.68939, 11.24590,   -4.00000, 90.00000, 0.00000);
CreateDynamicObject(2036, 1753.80225, 702.34943, 11.24590,   -4.00000, 90.00000, 0.00000);
CreateDynamicObject(19791, 1691.19189, 815.99377, 6.32840,   69.00000, 0.00000, 90.00000);
CreateDynamicObject(19791, 1691.19189, 806.05902, 6.32840,   69.00000, 0.00000, 90.00000);
CreateDynamicObject(19791, 1691.19189, 796.05829, 6.32840,   69.00000, 0.00000, 90.00000);
CreateDynamicObject(19791, 1691.19189, 788.07678, 6.32840,   69.00000, 0.00000, 90.00000);
CreateDynamicObject(736, 1579.18311, 733.50623, 20.51689,   0.00000, 0.00000, 0.00000);
CreateDynamicObject(736, 1579.25586, 738.79376, 20.51689,   0.00000, 0.00000, 0.00000);
CreateDynamicObject(736, 1578.91626, 744.56921, 20.51689,   0.00000, 0.00000, 0.00000);
CreateDynamicObject(736, 1579.14734, 693.32117, 20.51689,   0.00000, 0.00000, 0.00000);
CreateDynamicObject(736, 1579.10962, 687.67542, 20.51689,   0.00000, 0.00000, 0.00000);
CreateDynamicObject(736, 1578.86060, 681.82043, 20.51689,   0.00000, 0.00000, 0.00000);
CreateDynamicObject(620, 1697.73706, 655.45813, 9.45553,   0.00000, 0.00000, 0.00000);
CreateDynamicObject(620, 1689.98328, 647.10516, 9.65323,   0.00000, 0.00000, 0.00000);
CreateDynamicObject(620, 1678.51147, 655.99829, 9.55795,   0.00000, 0.00000, 0.00000);
CreateDynamicObject(620, 1710.62683, 649.99261, 9.45553,   0.00000, 0.00000, 0.00000);
CreateDynamicObject(620, 1731.99084, 644.70807, 9.63346,   0.00000, 0.00000, 0.00000);
CreateDynamicObject(620, 1739.54224, 652.16370, 9.47530,   0.00000, 0.00000, 0.00000);
CreateDynamicObject(620, 1722.69421, 647.87457, 9.39622,   0.00000, 0.00000, 0.00000);
CreateDynamicObject(3279, 1586.06567, 672.19647, 9.85522,   0.00000, 0.00000, 0.00000);
CreateDynamicObject(3279, 1585.65430, 775.77191, 9.73367,   0.00000, 0.00000, 0.00000);
CreateDynamicObject(3279, 1750.15906, 773.96320, 9.80660,   0.00000, 0.00000, 180.00000);
CreateDynamicObject(3279, 1586.53772, 803.21497, 11.30315,   0.00000, 0.00000, 0.00000);
CreateDynamicObject(735, 1584.83447, 646.91370, 8.60160,   0.00000, 0.00000, 0.00000);
CreateDynamicObject(735, 1698.55420, 612.00470, 8.52271,   0.00000, 0.00000, 0.00000);
CreateDynamicObject(620, 1660.29980, 645.33398, 9.36739,   0.00000, 0.00000, 0.00000);
CreateDynamicObject(620, 1683.02515, 637.97089, 9.50350,   0.00000, 0.00000, 0.00000);
CreateDynamicObject(620, 1694.25720, 637.14673, 9.45553,   0.00000, 0.00000, 0.00000);
CreateDynamicObject(620, 1676.51697, 646.36688, 9.51711,   0.00000, 0.00000, 0.00000);
CreateDynamicObject(620, 1645.31702, 649.19244, 9.35378,   0.00000, 0.00000, 0.00000);
CreateDynamicObject(620, 1651.33557, 651.58844, 9.59878,   0.00000, 0.00000, 0.00000);
CreateDynamicObject(620, 1767.18152, 735.80524, 9.38452,   0.00000, 0.00000, 0.00000);
CreateDynamicObject(620, 1761.60754, 747.82593, 9.38452,   0.00000, 0.00000, 0.00000);
CreateDynamicObject(620, 1769.77930, 759.30640, 9.38452,   0.00000, 0.00000, 0.00000);
CreateDynamicObject(620, 1769.14282, 744.66571, 9.38452,   0.00000, 0.00000, 0.00000);
CreateDynamicObject(620, 1765.52905, 773.89746, 9.38452,   0.00000, 0.00000, 0.00000);
CreateDynamicObject(620, 1772.04126, 770.16467, 9.38452,   0.00000, 0.00000, 0.00000);
CreateDynamicObject(620, 1763.64490, 762.22290, 9.38452,   0.00000, 0.00000, 0.00000);
CreateDynamicObject(620, 1763.82141, 710.81964, 9.38452,   0.00000, 0.00000, 0.00000);
CreateDynamicObject(620, 1764.76782, 722.68866, 9.38452,   0.00000, 0.00000, 0.00000);
CreateDynamicObject(620, 1768.89392, 728.88220, 9.38452,   0.00000, 0.00000, 0.00000);
CreateDynamicObject(620, 1767.02954, 716.21124, 9.38452,   0.00000, 0.00000, 0.00000);
CreateDynamicObject(620, 1761.95911, 718.51910, 9.38452,   0.00000, 0.00000, 0.00000);
CreateDynamicObject(620, 1762.91882, 730.84961, 9.38452,   0.00000, 0.00000, 0.00000);
CreateDynamicObject(620, 1763.67322, 742.61957, 9.38452,   0.00000, 0.00000, 0.00000);
CreateDynamicObject(620, 1765.06079, 754.11639, 9.38452,   0.00000, 0.00000, 0.00000);
CreateDynamicObject(3459, 1591.26746, 668.28113, 16.43750,   0.00000, 17.00000, -178.00000);
CreateDynamicObject(16778, 1573.35303, 724.67737, 9.73518,   0.00000, 0.00000, 0.00000);
CreateDynamicObject(1232, 1744.55078, 699.61853, 9.81696,   0.00000, 0.00000, 0.00000);
CreateDynamicObject(1232, 1704.41602, 699.83136, 9.81697,   0.00000, 0.00000, 0.00000);
CreateDynamicObject(1232, 1670.77856, 695.62323, 9.81200,   0.00000, 0.00000, 0.00000);
CreateDynamicObject(1232, 1653.35022, 695.62323, 9.81260,   0.00000, 0.00000, 0.00000);
CreateDynamicObject(1232, 1624.17981, 695.62323, 9.81650,   0.00000, 0.00000, 0.00000);
CreateDynamicObject(1232, 1607.81128, 695.62323, 9.81520,   0.00000, 0.00000, 0.00000);
CreateDynamicObject(16101, 1596.63159, 802.66925, 11.19964,   0.00000, 0.00000, 0.00000);
CreateDynamicObject(16368, 1596.62744, 802.71338, 21.54950,   22.00000, 0.00000, -90.00000);
CreateDynamicObject(1340, 1574.48108, 701.53961, 10.97600,   0.00000, 0.00000, 180.00000);
CreateDynamicObject(728, 1752.99097, 708.46265, 9.81517,   0.00000, 0.00000, 0.00000);
CreateDynamicObject(728, 1752.36816, 712.03955, 9.81517,   0.00000, 0.00000, 0.00000);
CreateDynamicObject(728, 1754.31604, 749.19940, 9.81517,   0.00000, 0.00000, 0.00000);
CreateDynamicObject(728, 1752.27112, 699.90546, 9.81517,   0.00000, 0.00000, 0.00000);
CreateDynamicObject(728, 1753.25232, 692.48468, 9.81517,   0.00000, 0.00000, 0.00000);
CreateDynamicObject(728, 1750.48401, 696.23572, 9.81517,   0.00000, 0.00000, 0.00000);
CreateDynamicObject(3252, 1713.47937, 608.93628, 10.69173,   0.00000, 81.00000, 0.00000);
CreateDynamicObject(16105, 1723.06189, 608.15613, 9.88144,   26.00000, 0.00000, 82.00000);